1 97 30
2 222 33
3 274 27
4 341 30
5 530 31
6 570 34
7 636 35
8 66 53
9 114 57
10 237 66
11 272 58
12 305 60
13 364 63
14 420 45
15 474 34
16 537 65
17 631 78
18 28 83
19 89 81
20 141 79
21 195 100
22 276 97
23 317 87
24 385 88
25 430 75
26 465 63
27 476 86
28 507 77
29 579 95
30 656 105
31 58 114
32 118 116
33 164 112
34 249 110
35 287 126
36 316 134
37 345 114
38 400 113
39 442 98
40 487 120
41 526 106
42 622 120
43 30 125
44 81 133
45 143 142
46 186 136
47 220 122
48 259 146
49 329 153
50 358 137
51 417 137
52 450 124
53 497 152
54 522 137
55 569 132
56 646 159
57 43 153
58 101 153
59 134 182
60 166 168
61 198 175
62 230 159
63 266 192
64 297 192
65 321 176
66 351 179
67 379 162
68 433 160
69 472 168
70 522 164
71 564 158
72 612 153
73 48 179
74 72 196
75 109 201
76 157 198
77 173 218
78 203 207
79 237 196
80 296 226
81 326 226
82 349 210
83 379 218
84 417 182
85 449 189
86 483 199
87 520 213
88 547 231
89 554 197
90 598 185
91 639 189
92 39 210
93 41 243
94 76 240
95 124 232
96 194 251
97 221 243
98 249 231
99 274 241
100 318 255
101 351 241
102 413 218
103 452 207
104 493 235
105 583 222
106 620 220
107 657 216
108 583 281
109 225 279
110 253 253
111 262 280
112 292 267
113 327 276
114 360 278
115 418 254
116 497 282
117 541 287
118 501 312
119 645 300
120 26 320
121 57 324
122 90 319
123 169 320
124 220 305
125 299 285
126 390 285
127 446 299
128 529 402
129 541 320
130 280 312
131 316 302
132 355 300
133 420 337
134 464 327
135 576 341
136 619 354
137 144 339
138 229 326
139 290 335
140 349 330
141 441 358
142 502 369
143 551 374
144 36 362
145 68 363
146 93 358
147 128 358
148 155 375
149 182 359
150 205 343
151 226 361
152 249 342
153 267 370
154 312 352
155 333 372
156 359 383
157 408 393
158 451 383
159 462 428
160 566 403
161 606 385
162 657 381
163 98 385
164 134 397
165 190 396
166 262 395
167 301 399
168 322 418
169 355 410
170 411 426
171 587 466
172 503 425
173 576 437
174 617 414
175 641 440
176 36 416
177 68 406
178 113 419
179 163 419
180 210 439
181 249 424
182 266 443
183 285 419
184 352 439
185 404 473
186 439 456
187 491 462
188 543 456
189 70 458
190 109 480
191 129 453
192 174 497
193 233 464
194 247 485
195 285 480
196 307 443
197 317 466
198 466 487
199 545 485